table_data=zeros(11,17,5);
table_data(:,:,1)=[5.510084145	6.041899852	6.234560795	6.179017791	5.971670964 0 0 0 0 0 0 0 0 0 0 0 0;
5.561667134	6.094338306	6.346417192	6.313102354	6.118265479 0 0 0 0 0 0 0 0 0 0 0 0;
5.563967317	6.116369969	6.507602323	6.641709686	6.533242273 0 0 0 0 0 0 0 0 0 0 0 0;
5.563080512	6.151671562	6.773318616	7.158032791	7.059304388 0 0 0 0 0 0 0 0 0 0 0 0;
5.525348035	6.149435057	6.931093769	7.480808621	7.363491807 0 0 0 0 0 0 0 0 0 0 0 0;
5.477553822	6.120877755	6.959259126	7.515489135	7.418648084 0 0 0 0 0 0 0 0 0 0 0 0;
5.441245877	6.059015279	6.844457389	7.375100736	7.261141247 0 0 0 0 0 0 0 0 0 0 0 0;
5.419025652	6.009282535	6.614542222	6.982687333	6.892497573 0 0 0 0 0 0 0 0 0 0 0 0;
5.436532352	5.974485289	6.353671515	6.482715094	6.377591339 0 0 0 0 0 0 0 0 0 0 0 0;
5.463080878	6.003654186	6.246283331	6.222479679	6.035116969 0 0 0 0 0 0 0 0 0 0 0 0;
5.517362345	6.043764642	6.236229796	6.175952964	5.967670778 0 0 0 0 0 0 0 0 0 0 0 0];

table_data(:,:,2)=[10.26324456	11.25406839	11.74295723	12.01781135	12.11236449	12.10097269	11.97591204	11.77377094 0 0 0 0 0 0 0 0 0;
10.29812808	11.26437708	11.7572681	12.07276752	12.22308919	12.22797586	12.1220317	11.939086 0 0 0 0 0 0 0 0 0;
10.21354014	11.1271774	11.65900557	12.12357701	12.47569877	12.68529954	12.71315273	12.60093087 0 0 0 0 0 0 0 0 0;
10.0846128	10.97952243	11.60587562	12.2632891	12.9147792	13.38849247	13.58934339	13.52187723 0 0 0 0 0 0 0 0 0;
9.950073347	10.84344478	11.53403782	12.3415288	13.20003386	13.85891336	14.12041969	14.04161212 0 0 0 0 0 0 0 0 0;
9.832455054	10.73788302	11.45523231	12.31954288	13.21900598	13.87686936	14.20349015	14.09733222 0 0 0 0 0 0 0 0 0;
9.790932803	10.70928131	11.40098134	12.21399906	13.06552799	13.71448187	13.956214	13.86419923 0 0 0 0 0 0 0 0 0;
9.842326461	10.74998959	11.37132089	12.01652872	12.65418325	13.10438693	13.30938099	13.24828099 0 0 0 0 0 0 0 0 0;
9.985213237	10.89437944	11.40419116	11.86335174	12.2120451	12.39404817	12.43996726	12.34234939 0 0 0 0 0 0 0 0 0;
10.1344622	11.0985622	11.59223634	11.90323659	12.03253756	12.05426041	11.95334435	11.78357272 0 0 0 0 0 0 0 0 0;
10.27394611	11.25414717	11.74534394	12.01541088	12.10674006	12.09397317	11.96064721	11.76295892 0 0 0 0 0 0 0 0 0];

table_data(:,:,3)=[14.13986718	15.51406436	16.14406972	16.57237245	16.87465212	17.05871503	17.15509154	17.14235284	17.09848206	16.95488358	16.77031847 0 0 0 0 0 0;
14.09041155	15.44890047	16.05859933	16.48974065	16.82795851	17.04481952	17.20101911	17.22704109	17.18704666	17.07701825	16.94149717 0 0 0 0 0 0;
13.98653409	15.24620632	15.84826671	16.35311223	16.80373956	17.18351271	17.53922976	17.74981471	17.85559336	17.8933709	17.81964201 0 0 0 0 0 0;
13.78171564	14.99911768	15.63343468	16.23574286	16.90142722	17.50917434	18.09925547	18.64559071	18.97392134	19.1519347	19.15207821 0 0 0 0 0 0;
13.58045957	14.72748607	15.42785586	16.11332015	16.90830254	17.72026525	18.49219987	19.18568509	19.71911328	19.89276527	19.88409062 0 0 0 0 0 0;
13.44748489	14.56258642	15.26933074	15.98656353	16.85079685	17.68493597	18.59688898	19.29435497	19.77866742	19.95918676	19.93663079 0 0 0 0 0 0;
13.37723081	14.54235128	15.25670401	15.9375538	16.71228523	17.53156685	18.33762103	19.00265746	19.48322713	19.69338495	19.6260126 0 0 0 0 0 0;
13.47787636	14.65928948	15.30502076	15.92106216	16.56474991	17.19439782	17.76192799	18.29847802	18.6096575	18.77785571	18.7495582 0 0 0 0 0 0;
13.63710165	14.90881201	15.52159825	15.98682354	16.45725415	16.83044803	17.16067255	17.38570496	17.5092489	17.51770936	17.43082801 0 0 0 0 0 0;
13.91402007	15.24333123	15.84126257	16.27768378	16.56938286	16.8351289	16.95689404	16.98633926	16.96055271	16.85674671	16.69536487 0 0 0 0 0 0;
14.15387941	15.52771154	16.1601022	16.60055602	16.8929303	17.06633812	17.14560016	17.14328324	17.07949395	16.96025796	16.77143955 0 0 0 0 0 0];

table_data(:,:,4)=[17.39039282	19.0980413	19.82027145	20.31954933	20.70532299	20.9978102	21.22954574	21.36393443	21.36393443	21.42401717	21.38467488	21.28609464	21.15886255	20.98944273 0 0 0;
17.45796158	19.0776053	19.86138906	20.34931957	20.75592821	21.11326746	21.32280984	21.49526562	21.49526562	21.6778454	21.67956002	21.5932195	21.47409023	21.33706035 0 0 0;
17.32406694	18.86305871	19.54578521	20.10869706	20.59619505	20.93375065	21.45149021	21.79412844	21.79412844	22.30900564	22.44753592	22.51636212	22.54225233	22.40118428 0 0 0;
17.11759497	18.5636505	19.24757094	19.855886	20.44070658	21.07407575	21.6297987	22.21848191	22.21848191	23.32020412	23.76086157	23.92247594	24.0733539	24.0767963 0 0 0;
16.78794126	18.18849438	18.93939722	19.56182039	20.27219466	21.0138279	21.80648654	22.62399058	22.62399058	24.03174994	24.55407037	24.84679893	25.04076288	24.9586882 0 0 0;
16.60280702	17.96446828	18.65488714	19.35925855	20.10775383	20.86662467	21.8028889	22.5997443	22.5997443	24.12893901	24.62630559	24.9957506	25.08632455	25.08787516 0 0 0;
16.5679765	17.96779658	18.71281668	19.33534818	20.04423373	20.85795754	21.5771996	22.35947605	22.35947605	23.83427053	24.27327615	24.68663355	24.71856085	24.71970793 0 0 0;
16.68884294	18.18028178	18.85112355	19.42755099	20.03695972	20.62032316	21.2079161	21.90918658	21.90918658	22.91238376	23.3158145	23.49382086	23.60803524	23.56660016 0 0 0;
16.87083211	18.44893264	19.13741996	19.69267666	20.14658553	20.55658702	21.00252036	21.31915876	21.31915876	21.80938499	21.95250833	22.01436062	22.04171249	21.91629443 0 0 0;
17.17887911	18.84314036	19.57931043	20.07341137	20.43492801	20.77642743	21.04490422	21.22827333	21.22827333	21.37612922	21.35943815	21.31096608	21.17762088	21.00527003 0 0 0;
17.39604701	19.11963171	19.84923962	20.32241429	20.72876462	21.00122768	21.23079517	21.37164144	21.37164144	21.4084636	21.39424166	21.28402122	21.15335598	20.98372579 0 0 0];

